Cantidad,Cantidad acumulada
5,5
0,5
0,5
0,5
2,7
1,8
1,9
1,10
1,11
0,11
2,13
10,23
2,25
3,28
2,30
1,31
0,31
5,36
5,41
7,48
1,49
5,54
2,56
1,57
4,61
1,62
5,67
1,68
1,69
1,70
1,71
0,71
1,72
0,72
0,72
0,72
0,72
0,72
1,73
3,76
5,81
0,81
0,81
0,81
1,82
0,82
0,82
0,82
1,83
0,83
0,83
0,83
1,84
0,84
0,84
0,84
0,84
0,84
0,84
0,84
0,84
1,85
0,85
0,85
0,85
0,85
0,85
0,85
0,85
3,88
0,88
8,96
0,96
0,96
0,96
0,96
0,96
0,96
0,96
1,97
1,98
0,98
1,99
1,100
1,101
6,107
3,110
1,111
1,112
3,115
2,117
